4 1 1
..XA
B...
XXA.
B...
0.283641 0.153956 0.325699 0.236703
0.275974 0.401394 0.192051 0.130581
0.119227 0.123525 0.593442 0.163805
0.599573 0.113157 0.107362 0.179908
0.266159 0.413543 0.17684 0.143459
0.187402 0.294855 0.164145 0.353597
0.163471 0.412708 0.198182 0.225639
0.105335 0.104499 0.179505 0.610661
0.264149 0.186897 0.104731 0.444223
0.224816 0.374595 0.164892 0.235697
0.554951 0.187177 0.143339 0.114533
0.123669 0.111064 0.11614 0.649127
0.142086 0.105902 0.648282 0.10373
0.135536 0.453687 0.185153 0.225624
0.260237 0.129662 0.463456 0.146645
0.121647 0.21045 0.551537 0.116367
0.691893 0.101747 0.10421 0.10215
0.184706 0.240622 0.317752 0.25692
0.29053 0.46999 0.118281 0.121199
0.351134 0.203428 0.160376 0.285063
0.114147 0.160848 0.184328 0.540677
0.103151 0.100177 0.193729 0.602943
0.366338 0.193845 0.140089 0.299728
0.69751 0.100411 0.101879 0.1002
0.107646 0.623863 0.13432 0.134172
0.177949 0.347966 0.225925 0.24816
0.155501 0.270335 0.462089 0.112075
0.101008 0.107176 0.594273 0.197543
0.116459 0.347171 0.27332 0.26305
0.146076 0.157382 0.595868 0.100675
0.148211 0.178694 0.317931 0.355163
0.214114 0.533175 0.113563 0.139148
0.133027 0.327854 0.170023 0.369095
0.152031 0.104989 0.102891 0.640088
0.316509 0.377263 0.131607 0.17462
0.269495 0.105487 0.175179 0.449838
0.113672 0.420405 0.214977 0.250945
0.421637 0.179897 0.103541 0.294925
0.17878 0.518353 0.118699 0.184169
0.480582 0.114828 0.276967 0.127624
0.158572 0.328602 0.114054 0.398772
0.109691 0.105097 0.479578 0.305634
0.109453 0.15677 0.103965 0.629812
0.374363 0.248598 0.136084 0.240954
0.142972 0.534241 0.111541 0.211246
0.101165 0.105787 0.687601 0.105447
0.181397 0.171672 0.258293 0.388637
0.120294 0.574502 0.138071 0.167132
0.410064 0.107379 0.222401 0.260156
0.129364 0.103936 0.295158 0.471543
0.181552 0.440818 0.212929 0.164701
0.199082 0.402788 0.263841 0.134289
0.111543 0.113286 0.653875 0.121296
0.139352 0.41208 0.175985 0.272583
0.419806 0.217 0.215512 0.147682
0.137309 0.140669 0.115246 0.606776
0.108971 0.107412 0.656882 0.126735
0.101465 0.109323 0.683211 0.106001
0.131034 0.489345 0.10393 0.275691
0.241325 0.463773 0.11766 0.177242
0.237086 0.493663 0.130078 0.139172
0.11114 0.159528 0.571045 0.158287
0.223 0.4938 0.16599 0.11721
0.140075 0.128286 0.108845 0.622794
0.557717 0.116083 0.21556 0.110639
0.14058 0.483235 0.212124 0.164061
0.10242 0.655607 0.124951 0.117022
0.108809 0.646089 0.138553 0.106549
0.123744 0.115631 0.65142 0.109204
0.133164 0.625649 0.123726 0.117462
0.141612 0.633808 0.119996 0.104584
0.380558 0.108417 0.372698 0.138327
0.126941 0.627675 0.129962 0.115423
0.392183 0.10004 0.321548 0.186229
0.103249 0.252697 0.101582 0.542472
0.14463 0.10005 0.100002 0.655317
0.101659 0.383641 0.407572 0.107127
0.25637 0.21087 0.174297 0.358462
0.323697 0.105888 0.145664 0.424752
0.526359 0.128794 0.169969 0.174878
0.10398 0.542743 0.100046 0.253232
0.105571 0.678515 0.115344 0.100569
0.105281 0.107255 0.451809 0.335655
0.199369 0.133976 0.174015 0.492641
0.628199 0.161349 0.109181 0.101272
0.112077 0.118235 0.144639 0.625049
0.119221 0.117108 0.374774 0.388897
0.16215 0.100365 0.579371 0.158114
0.103344 0.136 0.630087 0.13057
0.112319 0.244738 0.101743 0.5412
0.10377 0.378314 0.158514 0.359402
0.131594 0.208911 0.305245 0.354251
0.137086 0.111443 0.193047 0.558423
0.6045 0.1089 0.115103 0.171498
0.186839 0.589503 0.115062 0.108596
0.453811 0.242599 0.19289 0.1107
0.120921 0.674239 0.10058 0.10426
0.464179 0.223681 0.153279 0.158862
0.128727 0.380093 0.304667 0.186514
0.403403 0.102363 0.10547 0.388764
0.205328 0.148506 0.201032 0.445134
0.25952 0.28452 0.274285 0.181674
0.525952 0.126807 0.175905 0.171336
0.161109 0.126908 0.184272 0.527711
0.204685 0.422113 0.240123 0.133078
0.342989 0.27442 0.172992 0.209599
0.293452 0.369132 0.157661 0.179755
0.160684 0.406734 0.184584 0.247998
0.179534 0.273967 0.267723 0.278775
0.243725 0.114306 0.536387 0.105582
0.36987 0.236383 0.173287 0.220459
0.102453 0.418568 0.230039 0.24894
0.101358 0.398146 0.339989 0.160507
0.14019 0.202509 0.449407 0.207894
0.125986 0.359517 0.187001 0.327496
0.115028 0.288151 0.373263 0.223558
0.616476 0.10245 0.145634 0.13544
0.600383 0.158564 0.113976 0.127076
0.217174 0.15394 0.382157 0.246728
0.225892 0.322346 0.145042 0.30672
0.184075 0.33713 0.330594 0.148201
0.526834 0.17138 0.123566 0.17822
0.113709 0.124395 0.108654 0.653243
0.462931 0.160384 0.221417 0.155268
0.143701 0.628629 0.109268 0.118402
0.217292 0.1974 0.36496 0.220349
0.153117 0.214336 0.204769 0.427779
0.18811 0.496504 0.193535 0.12185
0.618671 0.114844 0.109021 0.157464
0.144674 0.3034 0.151921 0.400006
0.142553 0.305992 0.418116 0.133338
0.299659 0.111247 0.467877 0.121217
0.106663 0.505805 0.172831 0.2147
0.119071 0.60912 0.168741 0.103069
0.116101 0.156061 0.361008 0.36683
0.401085 0.125651 0.330246 0.143018
0.147907 0.302504 0.319067 0.230522
0.347832 0.239383 0.225633 0.187153
0.157284 0.101442 0.539319 0.201956
0.470899 0.24999 0.127995 0.151116
0.100038 0.102911 0.100275 0.696776
0.128903 0.243862 0.446088 0.181147
0.161843 0.145165 0.580288 0.112704
0.119953 0.164806 0.194038 0.521203
0.137899 0.117338 0.208205 0.536558
0.100205 0.177844 0.612429 0.109522
0.138415 0.29216 0.222678 0.346747
0.11581 0.119161 0.194115 0.570913
0.568687 0.159352 0.125859 0.146102
0.252982 0.315889 0.238147 0.192982
0.268441 0.304255 0.103287 0.324017
0.410915 0.293486 0.118199 0.177399
0.300236 0.446049 0.110684 0.143031
0.190209 0.118359 0.501746 0.189686
0.198783 0.539604 0.145366 0.116247
0.443052 0.112324 0.265497 0.179127
0.103003 0.687492 0.10021 0.109295
0.332477 0.127883 0.118507 0.421134
0.177859 0.115806 0.103171 0.603164
0.179414 0.111075 0.534466 0.175045
0.154241 0.318266 0.14097 0.386523
0.166281 0.449401 0.278145 0.106174
0.14329 0.143289 0.582618 0.130803
0.256024 0.281964 0.254455 0.207557
0.10105 0.556974 0.10562 0.236356
0.291591 0.206243 0.198603 0.303563
0.141361 0.546606 0.151152 0.160881
0.100471 0.100179 0.699279 0.100071
0.272446 0.414809 0.122493 0.190251
0.68202 0.110516 0.106926 0.100538
0.3151 0.283093 0.223472 0.178334
0.149081 0.256819 0.150379 0.44372
0.144288 0.587894 0.101436 0.166382
0.186983 0.204139 0.468725 0.140153
0.156405 0.29116 0.451593 0.100841
0.125385 0.637671 0.102983 0.13396
0.283033 0.180308 0.332955 0.203704
0.100241 0.60376 0.103442 0.192556
0.100801 0.100047 0.699112 0.10004
0.266195 0.160576 0.311573 0.261655
0.335276 0.130635 0.115339 0.41875
0.394364 0.250119 0.196534 0.158982
0.164237 0.302953 0.2319 0.30091
0.392882 0.179803 0.256998 0.170317
0.161298 0.21735 0.157511 0.463841
0.322072 0.119662 0.35634 0.201925
0.114589 0.280592 0.124582 0.480237
0.264025 0.283259 0.258117 0.194599
0.148573 0.460309 0.224579 0.16654
0.335483 0.153789 0.113762 0.396967
0.188225 0.364801 0.256526 0.190448
0.296601 0.138876 0.362659 0.201863
0.104331 0.680315 0.11505 0.100304
0.227815 0.143435 0.156594 0.472157
0.133758 0.254171 0.131401 0.480669
0.649644 0.140859 0.100818 0.108679
0.66983 0.12446 0.102515 0.103195
0.138148 0.10614 0.536004 0.219708
0.138424 0.211538 0.453478 0.19656
0.252445 0.409094 0.128764 0.209698
0.365166 0.416187 0.113822 0.104825
0.247381 0.45271 0.114814 0.185095
0.154864 0.472649 0.125536 0.246951
0.25362 0.321868 0.153313 0.271199
0.194746 0.429003 0.163258 0.212994
0.100538 0.106124 0.100365 0.692973
0.12008 0.323974 0.370561 0.185386
0.126295 0.103432 0.312102 0.45817
0.210762 0.259335 0.284111 0.245792
0.325981 0.467287 0.103716 0.103016
0.10013 0.292796 0.1879 0.419174
0.134009 0.348841 0.17399 0.343161
0.142401 0.126274 0.220257 0.511068
0.169675 0.5947 0.119263 0.116362
0.237471 0.115877 0.102809 0.543843
0.206305 0.501846 0.186499 0.10535
0.377676 0.102294 0.380257 0.139773
0.102893 0.102097 0.125676 0.669334
0.103936 0.380706 0.308423 0.206935
0.103776 0.328658 0.250697 0.316869
0.174291 0.596737 0.110667 0.118305
0.117774 0.255658 0.14785 0.478717
0.246433 0.314631 0.328157 0.110779
0.558219 0.116976 0.126338 0.198467
0.262126 0.133539 0.464369 0.139966
0.593458 0.109689 0.124506 0.172347
0.121754 0.136716 0.520802 0.220729
0.381041 0.193269 0.146158 0.279532
0.20712 0.125659 0.110104 0.557118
0.111515 0.647164 0.137167 0.104154
0.121128 0.197968 0.128112 0.552792
0.30083 0.269956 0.166138 0.263076
0.673478 0.110425 0.110313 0.105784
0.164024 0.136761 0.570286 0.128929
0.111065 0.286147 0.164487 0.438301
0.454423 0.340622 0.101535 0.103421
0.101663 0.583355 0.169479 0.145503
0.115308 0.348198 0.25408 0.282414
0.267198 0.101112 0.53114 0.100551
0.166673 0.293894 0.177738 0.361695
0.143653 0.443601 0.303431 0.109315
0.379031 0.19546 0.229036 0.196473
0.142734 0.299981 0.154062 0.403224
0.100213 0.528407 0.126451 0.244929
0.149636 0.137952 0.586168 0.126244
0.319255 0.205342 0.103179 0.372224
0.137603 0.162528 0.584201 0.115668
0.115622 0.11436 0.197462 0.572556
0.101559 0.432826 0.352546 0.11307
0.106687 0.663274 0.111349 0.11869
0.167928 0.277059 0.377271 0.177742
0.127347 0.396861 0.374897 0.100895
0.631774 0.140181 0.107865 0.12018
0.162799 0.341089 0.203705 0.292407
0.100001 0.208345 0.101296 0.590358
0.645432 0.143784 0.103633 0.107151
0.200957 0.318146 0.160408 0.320488
0.544882 0.116018 0.194843 0.144257
0.106672 0.153919 0.144295 0.595115
0.264411 0.177408 0.302953 0.255228
0.315872 0.281011 0.247588 0.155529
0.311686 0.164585 0.242323 0.281407
0.288327 0.308735 0.22787 0.175067
0.102491 0.100739 0.275794 0.520977
0.328329 0.220003 0.186343 0.265325
0.370608 0.281503 0.169273 0.178617
0.220672 0.514032 0.105339 0.159957
0.100897 0.100279 0.697652 0.101172
0.111885 0.517516 0.257098 0.113501
0.389514 0.223184 0.116746 0.270556
0.127618 0.195921 0.168497 0.507964
0.186564 0.275302 0.395803 0.142331
0.138056 0.199272 0.126938 0.535734
0.424434 0.151483 0.273561 0.150522
0.175414 0.219478 0.497372 0.107736
0.237408 0.132041 0.216136 0.414414
0.126526 0.167977 0.567437 0.13806
0.230726 0.34586 0.32197 0.101443
0.193316 0.274907 0.21407 0.317707
0.415127 0.137383 0.145603 0.301888
0.212913 0.167965 0.111637 0.507485
0.563269 0.163513 0.113837 0.159381
0.245303 0.174306 0.431029 0.149361
0.325688 0.29392 0.173815 0.206577
0.284732 0.258113 0.201524 0.255631
0.349774 0.300696 0.245826 0.103704
0.372754 0.102168 0.355487 0.169591
0.139114 0.551841 0.107569 0.201476
0.161317 0.28469 0.150355 0.403639
0.102376 0.101866 0.190585 0.605173
0.137614 0.137614 0.460613 0.264159
0.6528 0.140147 0.105947 0.101106
0.284433 0.333493 0.103118 0.278955
0.119278 0.138197 0.108626 0.633899
0.280894 0.167851 0.211269 0.339986
0.110798 0.523216 0.261422 0.104563
0.2376 0.190574 0.361321 0.210504
0.206912 0.212184 0.138672 0.442232
0.100195 0.687594 0.100023 0.112187
0.162279 0.169193 0.368633 0.299894
0.109482 0.143928 0.112532 0.634058
0.145657 0.108829 0.625407 0.120107
0.221954 0.270792 0.337958 0.169296
0.121961 0.675 0.101931 0.101109
0.101445 0.103704 0.319318 0.475534
0.193345 0.133143 0.150411 0.5231
0.105277 0.101602 0.687526 0.105595
0.429272 0.140167 0.276026 0.154535
0.339862 0.145614 0.192107 0.322417
0.114165 0.672403 0.106457 0.106976
0.389785 0.337337 0.170522 0.102356
0.638356 0.127729 0.100765 0.13315
0.125979 0.105814 0.111396 0.656811
0.25465 0.384732 0.224423 0.136196
0.112771 0.100736 0.401979 0.384513
0.486122 0.120553 0.11212 0.281205
0.162204 0.120631 0.251627 0.465538
0.214365 0.483076 0.126257 0.176302
0.101221 0.384932 0.106909 0.406938
0.201798 0.495227 0.186331 0.116644
0.104788 0.387108 0.216422 0.291682
0.132658 0.281652 0.485198 0.100492
0.12051 0.669164 0.104498 0.105828
0.179185 0.195429 0.171751 0.453635
0.248028 0.311649 0.127677 0.312646
0.417864 0.122525 0.294038 0.165573
0.225202 0.109847 0.192529 0.472421
0.13458 0.419401 0.333166 0.112852
0.100031 0.18425 0.572567 0.143152
0.113371 0.48791 0.100174 0.298545
0.601908 0.109372 0.10916 0.17956
0.255154 0.118358 0.480815 0.145672
0.141286 0.214197 0.441178 0.20334
0.120134 0.420961 0.336777 0.122128
0.146268 0.125546 0.48759 0.240597
0.288359 0.135165 0.20073 0.375746
0.101504 0.63659 0.117353 0.144554
0.208221 0.301735 0.370108 0.119936
0.107112 0.644163 0.101665 0.147059
0.104684 0.358068 0.389764 0.147484
0.302648 0.153948 0.164379 0.379025
0.360794 0.268575 0.250854 0.119776
0.22371 0.399218 0.193763 0.183309
0.3154 0.103562 0.110702 0.470336
0.434671 0.124767 0.24666 0.193902
0.10538 0.396528 0.170861 0.327231
0.616624 0.103126 0.176229 0.10402
0.524889 0.119467 0.162292 0.193351
0.68656 0.112665 0.100528 0.100247
0.174401 0.173944 0.526066 0.125589
0.134113 0.563846 0.115099 0.186941
0.120121 0.104709 0.126034 0.649136
0.211933 0.166575 0.453546 0.167946
0.19798 0.493599 0.1213 0.187121
0.10858 0.107363 0.112457 0.6716
0.134457 0.438876 0.222458 0.204209
0.109045 0.536223 0.24718 0.107552
0.104626 0.32357 0.210214 0.36159
0.436546 0.119033 0.102943 0.341478
0.186856 0.310008 0.209261 0.293875
0.161166 0.104801 0.118126 0.615907
0.141778 0.164993 0.505556 0.187673
0.309116 0.268807 0.190602 0.231476
0.101768 0.298285 0.490311 0.109636
0.138032 0.650989 0.105239 0.105739
0.103801 0.117537 0.638551 0.140112
0.100095 0.100219 0.698485 0.101201
0.119659 0.114838 0.109066 0.656437
0.106127 0.124778 0.666793 0.102303
0.115556 0.290941 0.443665 0.149838
0.123222 0.103527 0.116457 0.656794
0.160978 0.26481 0.473741 0.10047
0.272351 0.165034 0.12818 0.434435
0.277065 0.119411 0.110585 0.492939
0.477983 0.209149 0.176609 0.13626
0.102993 0.47829 0.302438 0.116278
0.545807 0.186718 0.136198 0.131277
0.342325 0.314324 0.107335 0.236016
0.685409 0.108949 0.105304 0.100337
0.230793 0.161413 0.412645 0.195149
0.12812 0.47348 0.265226 0.133175
0.137059 0.145898 0.288405 0.428638
0.100047 0.699817 0.100042 0.100095
0.663318 0.128838 0.104754 0.10309
0.10734 0.289372 0.360336 0.242952
0.35967 0.107756 0.254113 0.278461
0.337914 0.235296 0.306691 0.1201
0.466031 0.282806 0.114748 0.136416
0.391636 0.315805 0.139666 0.152893
0.170765 0.565487 0.124921 0.138827
0.346563 0.396736 0.150782 0.105919
0.119213 0.253881 0.352614 0.274292
0.128145 0.172827 0.558515 0.140513
0.322737 0.126954 0.116482 0.433826
0.114051 0.181188 0.104397 0.600364
0.291423 0.252424 0.354709 0.101445
0.315344 0.243295 0.312873 0.128489
0.129684 0.393174 0.175762 0.30138
0.100482 0.272992 0.524366 0.10216
0.196055 0.208298 0.252524 0.343123
0.122949 0.331948 0.156617 0.388486
0.222993 0.265436 0.107421 0.404149
0.477048 0.113693 0.306322 0.102936
0.368757 0.249989 0.15757 0.223684
0.106512 0.123418 0.399125 0.370945
0.127858 0.104894 0.631844 0.135405
0.139387 0.552309 0.191434 0.11687
0.374314 0.117649 0.108154 0.399883
0.186092 0.335619 0.274287 0.204002
0.145122 0.579087 0.109567 0.166225
0.126994 0.161796 0.115575 0.595635
0.472629 0.214347 0.175726 0.137299
0.481645 0.130998 0.223409 0.163947
0.215742 0.159244 0.185297 0.439716
0.230394 0.229042 0.206025 0.334539
0.125055 0.65968 0.102799 0.112466
0.672178 0.121601 0.10577 0.100451
0.115267 0.142926 0.636373 0.105434
0.255277 0.344709 0.243885 0.156128
0.226396 0.420918 0.237216 0.11547
0.535352 0.188829 0.101553 0.174266
0.111165 0.10652 0.157278 0.625037
0.10106 0.10067 0.128266 0.670004
0.126469 0.200389 0.523115 0.150028
0.153251 0.574956 0.103627 0.168167
0.503984 0.20137 0.116256 0.178391
0.272203 0.116759 0.444651 0.166387
0.108376 0.254286 0.137103 0.500234
0.150173 0.132762 0.413756 0.303309
0.199816 0.206207 0.460091 0.133886
0.144046 0.367979 0.338976 0.148999
0.341484 0.195583 0.232527 0.230405
0.213086 0.227268 0.25804 0.301606
0.513926 0.190082 0.194078 0.101914
0.3391 0.178117 0.305897 0.176885
0.451179 0.306049 0.117688 0.125084
0.216583 0.425219 0.24308 0.115117
0.548749 0.150588 0.185072 0.115591
0.257844 0.126431 0.143497 0.472228
0.467438 0.20773 0.20624 0.118592
0.100465 0.100426 0.100257 0.698852
0.557554 0.164334 0.16705 0.111062
0.276495 0.443176 0.163957 0.116372
0.689792 0.101901 0.10445 0.103857
0.111728 0.102408 0.662872 0.122992
0.132944 0.104299 0.254611 0.508146
0.14776 0.350442 0.10551 0.396289
0.104613 0.678556 0.112307 0.104524
0.46441 0.17515 0.192107 0.168333
0.527568 0.108772 0.261137 0.102523
0.37849 0.143876 0.113048 0.364586
0.196044 0.474658 0.144727 0.184571
0.499397 0.208315 0.186345 0.105943
0.248679 0.212723 0.29768 0.240918
0.149047 0.155514 0.509617 0.185823
0.140614 0.658727 0.10037 0.100289
0.382931 0.131498 0.203168 0.282404
0.54039 0.118207 0.210631 0.130772
0.102483 0.690031 0.100702 0.106785
0.357023 0.13141 0.115753 0.395814
0.214586 0.128163 0.416506 0.240745
0.171147 0.121526 0.22831 0.479017
0.152357 0.136893 0.562755 0.147995
0.530335 0.181522 0.170247 0.117896
0.115678 0.100123 0.261741 0.522459
0.109301 0.241625 0.332298 0.316777
0.257447 0.15376 0.330099 0.258694
0.11209 0.283885 0.467155 0.13687
0.131172 0.177116 0.506637 0.185075
0.393754 0.163169 0.262192 0.180885
0.382224 0.203906 0.100322 0.313548
0.331165 0.272555 0.108488 0.287792
0.471124 0.220664 0.126484 0.181728
0.10337 0.412543 0.282617 0.201471
0.164054 0.189362 0.412444 0.234139
0.46056 0.200895 0.200388 0.138158
0.11348 0.10832 0.569775 0.208425
0.158691 0.117407 0.505556 0.218346
0.140955 0.234152 0.493542 0.131351
0.351268 0.220766 0.258885 0.16908
0.634299 0.159865 0.103926 0.10191
0.140152 0.300548 0.106805 0.452495
0.606463 0.188477 0.102078 0.102981
0.199997 0.517972 0.133075 0.148957
0.48783 0.140484 0.122826 0.24886
0.238211 0.174799 0.443926 0.143064
0.165844 0.453546 0.268007 0.112603
0.48226 0.259876 0.156125 0.101739
0.200245 0.189195 0.314112 0.296449
0.170423 0.246881 0.27417 0.308526
0.238866 0.222309 0.327617 0.211207
0.161114 0.11713 0.178596 0.543161
0.109141 0.104427 0.19718 0.589252
0.66346 0.100513 0.133001 0.103026
0.537444 0.101262 0.21236 0.148935
0.114868 0.20765 0.545609 0.131872
0.170049 0.440401 0.246405 0.143145
0.100801 0.697659 0.101497 0.100043
0.118118 0.302018 0.229488 0.350377
0.433147 0.14266 0.171233 0.25296
0.136449 0.210206 0.104579 0.548766
0.251558 0.436747 0.142704 0.16899
0.604384 0.106234 0.181885 0.107497
0.250943 0.160603 0.269989 0.318465
0.110013 0.171118 0.596709 0.122159
0.605098 0.126619 0.133433 0.134851
0.369892 0.110756 0.32263 0.196722
0.110464 0.262035 0.106474 0.521027
0.322496 0.184577 0.170699 0.322229
0.350328 0.122944 0.174894 0.351834
0.198055 0.127774 0.53409 0.140081
0.102036 0.148744 0.637327 0.111892
0.170414 0.315205 0.119126 0.395255
0.106538 0.155962 0.542888 0.194613
0.230325 0.341897 0.248239 0.179539
0.228927 0.393116 0.106317 0.27164
0.128203 0.15216 0.247977 0.47166
0.101779 0.342675 0.133101 0.422446
0.137771 0.223213 0.316688 0.322328
0.219626 0.310826 0.253922 0.215626
0.271082 0.287122 0.286962 0.154835
0.144094 0.23092 0.251366 0.37362
0.191113 0.324857 0.28036 0.20367
0.393344 0.21473 0.165845 0.22608
0.330039 0.14809 0.348828 0.173043
0.294011 0.483843 0.10449 0.117656
0.423431 0.100031 0.217077 0.259462
0.134919 0.378978 0.229193 0.25691
0.18247 0.569423 0.120754 0.127353
0.440018 0.177794 0.150218 0.23197
0.358223 0.166769 0.350639 0.124369
0.240738 0.198551 0.402993 0.157719
0.162501 0.202235 0.487388 0.147876
0.154105 0.147594 0.519213 0.179088
0.117033 0.178377 0.126161 0.578428
0.116919 0.109084 0.636018 0.13798
0.122338 0.57917 0.123101 0.175391
0.203236 0.268351 0.259992 0.268421
0.2647 0.100016 0.11632 0.518964
0.283638 0.266995 0.245116 0.204251
0.105396 0.130157 0.369958 0.394488
0.100165 0.223212 0.479762 0.196861
0.108172 0.391125 0.272862 0.227841
0.137057 0.550732 0.20259 0.109621
0.582522 0.124412 0.154518 0.138548
0.136457 0.359963 0.383869 0.119711
0.227659 0.429937 0.171618 0.170785
0.464909 0.134582 0.239816 0.160693
0.186421 0.127396 0.166671 0.519511
0.106535 0.103817 0.108883 0.680765
0.327639 0.274421 0.224611 0.17333
0.271679 0.319943 0.260467 0.14791
0.491774 0.111871 0.292756 0.103599
0.119071 0.266298 0.138198 0.476432
0.400172 0.102859 0.216002 0.280967
0.117643 0.35817 0.254994 0.269193
0.319592 0.157023 0.18695 0.336435
0.101206 0.450692 0.171232 0.27687
0.100006 0.105329 0.454625 0.34004
0.120329 0.135615 0.324711 0.419346
0.223004 0.509172 0.129667 0.138157
0.114214 0.411464 0.344856 0.129466
0.21215 0.218836 0.233159 0.335854
0.160129 0.215014 0.511653 0.113205
0.313384 0.111643 0.411107 0.163866
0.158285 0.466586 0.217533 0.157597
0.142039 0.105168 0.101204 0.651589
0.113982 0.103539 0.677656 0.104822
0.287018 0.166202 0.350885 0.195896
0.238141 0.152913 0.368879 0.240067
0.193425 0.158199 0.496488 0.151887
0.225501 0.201278 0.113774 0.459447
0.149748 0.116034 0.514777 0.219442
0.456894 0.101995 0.101801 0.33931
0.316023 0.185128 0.364166 0.134683
0.250765 0.310539 0.226699 0.211997
0.150302 0.264563 0.249303 0.335831
0.142196 0.223054 0.235658 0.399092
0.378586 0.212281 0.254698 0.154435
0.149215 0.504158 0.102118 0.244508
0.380536 0.226925 0.194426 0.198112
0.117693 0.161622 0.516737 0.203948
0.10095 0.694762 0.101561 0.102727
0.412097 0.134362 0.170692 0.282848
0.140728 0.124727 0.110962 0.623583
0.406487 0.110615 0.227753 0.255144
0.10034 0.113419 0.685508 0.100733
0.419973 0.104976 0.350231 0.124821
0.359533 0.186 0.304225 0.150242
0.168846 0.240703 0.141798 0.448654
0.324179 0.213304 0.257984 0.204534
0.189845 0.601586 0.10162 0.106949
0.106847 0.550071 0.223677 0.119405
0.479467 0.216642 0.115601 0.18829
0.466978 0.141419 0.176507 0.215095
0.327209 0.231555 0.146164 0.295072
0.100719 0.10894 0.690212 0.100128
0.21415 0.114077 0.256919 0.414854
0.358118 0.288027 0.192376 0.161479
0.120932 0.146001 0.574778 0.158289
0.382779 0.230389 0.175688 0.211144
0.181225 0.523114 0.110533 0.185128
0.477875 0.159832 0.137801 0.224492
0.374401 0.228854 0.118288 0.278457
0.18815 0.110802 0.356204 0.344843
0.111251 0.435366 0.318019 0.135363
0.147282 0.478311 0.231961 0.142446
0.11775 0.340924 0.297098 0.244227
0.284318 0.254608 0.174205 0.286868
0.214101 0.260183 0.103217 0.422499
0.10092 0.190105 0.191957 0.517017
0.148338 0.173078 0.260914 0.41767
0.573494 0.106624 0.202007 0.117875
0.101821 0.217381 0.518814 0.161984
0.56281 0.166508 0.113655 0.157027
0.14305 0.601353 0.155249 0.100348
0.280434 0.103409 0.167541 0.448616
0.27331 0.284568 0.126099 0.316023
0.232982 0.110974 0.499623 0.15642
0.496982 0.1169 0.265324 0.120794
0.201981 0.1757 0.429528 0.192791
0.110902 0.102147 0.101691 0.685259
0.18318 0.383763 0.260446 0.172611
0.213731 0.161171 0.521945 0.103153
0.486376 0.256475 0.14247 0.114679
0.518912 0.125449 0.238695 0.116945
0.111667 0.584772 0.183433 0.120128
0.143137 0.495553 0.129323 0.231987
0.103853 0.658777 0.131703 0.105667
0.123209 0.112146 0.1073 0.657346
0.119637 0.190549 0.543713 0.1461
0.178968 0.452551 0.249367 0.119114
0.202656 0.201154 0.328548 0.267642
0.163084 0.104119 0.110956 0.621841
0.348495 0.124854 0.113281 0.41337
0.102193 0.629858 0.141291 0.126659
0.258589 0.385121 0.119666 0.236624
0.166265 0.120917 0.580829 0.131989
0.39154 0.101296 0.344001 0.163163
0.338117 0.117224 0.146007 0.398652
0.346073 0.239213 0.191658 0.223057
0.104854 0.192043 0.595855 0.107247
0.190814 0.481242 0.154669 0.173275
0.159444 0.319325 0.35518 0.166052
0.264934 0.399384 0.132475 0.203207
0.177103 0.187441 0.234795 0.400661
0.102585 0.156127 0.619092 0.122195
0.145045 0.106203 0.640936 0.107817
0.620956 0.125607 0.126099 0.127339
0.597645 0.115522 0.176621 0.110213
0.240087 0.195264 0.32229 0.242359
0.145877 0.108577 0.125564 0.619981
0.288326 0.223721 0.252573 0.23538
0.699612 0.100166 0.100166 0.100056
0.69891 0.100096 0.100021 0.100973
0.102122 0.293901 0.394254 0.209723
0.662829 0.100732 0.135444 0.100995
0.663853 0.117321 0.11468 0.104146
0.253095 0.243891 0.229782 0.273232
0.528826 0.144585 0.134552 0.192037
0.167851 0.347479 0.255056 0.229614
0.429114 0.22986 0.160499 0.180527
0.105383 0.68312 0.102818 0.108679
0.253492 0.109679 0.162869 0.47396
0.276253 0.42212 0.177941 0.123686
0.123862 0.118166 0.427133 0.330838
0.472591 0.135465 0.176148 0.215795
0.490239 0.27461 0.114241 0.12091
0.150504 0.178886 0.495315 0.175294
0.175049 0.198789 0.160414 0.465748
0.34378 0.126261 0.349285 0.180675
0.306247 0.118108 0.350924 0.224721
0.171274 0.219994 0.114272 0.49446
0.121068 0.380253 0.104497 0.394183
0.191462 0.327112 0.137967 0.343459
0.105342 0.688307 0.101196 0.105155
0.138822 0.117367 0.423192 0.320619
0.690013 0.101441 0.105831 0.102714
0.110066 0.675995 0.105369 0.108569
0.178732 0.393785 0.14021 0.287273
0.117341 0.57642 0.194558 0.11168
0.103025 0.106864 0.683805 0.106305
0.233972 0.134346 0.190418 0.441264
0.335068 0.120912 0.366562 0.177459
0.100239 0.342308 0.201328 0.356125
0.101189 0.11478 0.683178 0.100854
0.114173 0.101854 0.532441 0.251531
0.102452 0.21946 0.357302 0.320786
0.301549 0.382506 0.154894 0.161052
0.278527 0.309021 0.116469 0.295983
0.142796 0.141785 0.332241 0.383177
0.114111 0.153997 0.406159 0.325734
0.109749 0.476844 0.312848 0.10056
0.426255 0.117111 0.285203 0.171431
0.207669 0.512569 0.174291 0.105471
0.131634 0.109413 0.644339 0.114614
0.334222 0.354252 0.172091 0.139435
0.196029 0.283847 0.182781 0.337342
0.186955 0.173664 0.197847 0.441534
0.100804 0.440356 0.355023 0.103817
0.511281 0.185469 0.19 0.11325
0.117004 0.177205 0.11929 0.586501
0.405438 0.131285 0.131028 0.332249
0.67995 0.104694 0.105611 0.109744
0.104095 0.268858 0.105633 0.521414
0.352271 0.359612 0.108445 0.179672
0.227942 0.183823 0.370674 0.21756
0.167235 0.458624 0.156134 0.218007
0.10046 0.196215 0.166797 0.536529
0.103567 0.106857 0.164676 0.6249
0.100944 0.130171 0.106591 0.662294
0.101485 0.116835 0.13561 0.64607
0.338843 0.172627 0.384873 0.103657
0.201576 0.122482 0.379658 0.296284
0.444292 0.147619 0.296697 0.111393
0.2576 0.170284 0.45449 0.117625
0.157136 0.430707 0.259434 0.152723
0.100859 0.200847 0.552634 0.14566
0.102853 0.549704 0.182064 0.16538
0.566394 0.109297 0.219222 0.105088
0.1826 0.135892 0.510603 0.170905
0.31408 0.269824 0.148166 0.267931
0.161946 0.101807 0.633117 0.10313
0.337194 0.192622 0.274316 0.195869
0.136652 0.102768 0.413424 0.347157
0.103414 0.476483 0.305327 0.114775
0.276688 0.302099 0.277062 0.144151
0.608877 0.164273 0.109316 0.117534
0.271398 0.446917 0.125355 0.15633
0.121615 0.332241 0.34599 0.200155
0.193871 0.567212 0.129562 0.109355
0.124765 0.599854 0.171731 0.103651
0.335557 0.169356 0.35263 0.142456
0.227557 0.101288 0.553569 0.117585
0.103044 0.329695 0.114739 0.452522
0.417659 0.154729 0.213591 0.214022
0.116764 0.565759 0.163647 0.153829
0.177802 0.120337 0.567129 0.134732
0.128942 0.655862 0.102712 0.112484
0.685784 0.106215 0.100052 0.10795
0.398484 0.199497 0.188651 0.213368
0.22683 0.252914 0.172596 0.347659
0.21723 0.148162 0.115331 0.519277
0.463678 0.191794 0.233185 0.111343
0.316916 0.115844 0.261132 0.306107
0.11119 0.101353 0.489014 0.298443
0.370253 0.111701 0.154779 0.363266
0.188523 0.521698 0.134727 0.155053
0.165563 0.105662 0.206962 0.521812
0.354272 0.214896 0.200034 0.230798
0.131625 0.179888 0.3755 0.312988
0.116189 0.111361 0.647264 0.125186
0.214211 0.109353 0.457966 0.21847
0.155751 0.274631 0.119867 0.449751
0.109394 0.358287 0.230566 0.301753
0.109992 0.496625 0.271837 0.121546
0.140073 0.130538 0.118441 0.610949
0.574804 0.135897 0.175428 0.11387
0.108372 0.492499 0.264409 0.13472
0.349273 0.152977 0.154663 0.343087
0.457076 0.165873 0.256643 0.120408
0.410956 0.17663 0.107524 0.30489
0.645802 0.109438 0.129452 0.115308
0.131768 0.415166 0.301458 0.151608
0.340571 0.25922 0.225863 0.174345
0.129074 0.224705 0.34938 0.296841
0.161047 0.292949 0.27201 0.273995
0.374765 0.320031 0.193014 0.11219
0.160493 0.453139 0.121798 0.26457
0.37148 0.104257 0.272442 0.251822
0.207168 0.276991 0.349533 0.166308
0.683339 0.111421 0.104492 0.100749
0.182708 0.113511 0.19544 0.508341
0.297355 0.458084 0.137594 0.106967
0.252173 0.138289 0.282528 0.32701
0.229538 0.124275 0.391673 0.254514
0.139974 0.118123 0.434473 0.30743
0.113414 0.201858 0.114346 0.570381
0.168045 0.126086 0.533305 0.172564
0.226557 0.102624 0.100872 0.569946
0.169195 0.107746 0.186052 0.537006
0.583637 0.153008 0.155833 0.107522
0.140396 0.107455 0.325487 0.426663
0.163335 0.292238 0.421036 0.123391
0.132781 0.351256 0.166032 0.349931
0.105173 0.633023 0.123059 0.138745
0.187944 0.499872 0.143097 0.169088
0.105925 0.673813 0.111036 0.109226
0.275076 0.176817 0.266384 0.281723
0.43999 0.224169 0.187083 0.148758
0.322647 0.172614 0.296208 0.208531
0.238525 0.355571 0.169651 0.236254
0.149988 0.190071 0.490473 0.169468
0.348052 0.195509 0.104242 0.352197
0.116493 0.119109 0.607666 0.156731
0.41519 0.112789 0.115769 0.356251
0.293293 0.476655 0.120811 0.109242
0.113646 0.102993 0.108842 0.67452
0.14994 0.247072 0.426038 0.17695
0.298876 0.12511 0.10472 0.471294
0.391997 0.384264 0.103235 0.120503
0.513238 0.102919 0.270465 0.113378
0.363852 0.383878 0.130478 0.121793
0.271661 0.367192 0.145018 0.216128
0.100604 0.119485 0.677928 0.101984
0.101037 0.103448 0.674908 0.120607
0.201642 0.377289 0.219838 0.201231
0.363416 0.396721 0.127711 0.112153
0.26012 0.162232 0.100931 0.476718
0.100935 0.503217 0.295651 0.100196
0.25321 0.145661 0.105486 0.495642
0.125748 0.527254 0.225138 0.121861
0.194806 0.162785 0.529837 0.112572
0.102708 0.282709 0.408095 0.206488
0.222465 0.522155 0.150434 0.104946
0.472734 0.107765 0.297078 0.122423
0.278097 0.121782 0.279467 0.320654
0.196275 0.206803 0.160593 0.436329
0.698759 0.10082 0.100005 0.100415
0.325391 0.14918 0.368984 0.156445
0.119198 0.308 0.3449 0.227903
0.157022 0.255848 0.429505 0.157624
0.328372 0.27096 0.261874 0.138794
0.319458 0.267836 0.281621 0.131086
0.182334 0.365273 0.298761 0.153632
0.192048 0.150137 0.265003 0.392812
0.477518 0.12426 0.107622 0.2906
0.649824 0.104238 0.137405 0.108534
0.181946 0.39485 0.262568 0.160637
0.4524 0.110168 0.279499 0.157933
0.213085 0.106303 0.104472 0.57614
0.19561 0.578327 0.102511 0.123552
0.316455 0.137014 0.197896 0.348635
0.11403 0.112009 0.62172 0.152241
0.199119 0.114967 0.506015 0.179899
0.261232 0.143917 0.112665 0.482186
0.219518 0.111945 0.550022 0.118516
0.114647 0.674365 0.101924 0.109064
0.101419 0.213187 0.455085 0.230309
0.102568 0.652483 0.118586 0.126362
0.242008 0.407584 0.16148 0.188928
0.101754 0.504478 0.101036 0.292732
0.126838 0.648538 0.101529 0.123094
0.14516 0.170648 0.314914 0.369279
0.208691 0.113155 0.573783 0.10437
0.151179 0.272085 0.359502 0.217234
0.154869 0.110731 0.151627 0.582773
0.532775 0.100902 0.150837 0.215487
0.170869 0.306792 0.177713 0.344626
0.361996 0.417405 0.103954 0.116646
0.216701 0.272632 0.156102 0.354565
0.102531 0.679356 0.115714 0.102399
0.620625 0.175963 0.100011 0.103402
0.213422 0.359793 0.126434 0.300351
0.206795 0.487233 0.113188 0.192783
0.149776 0.370664 0.376849 0.102711
0.199752 0.237917 0.293689 0.268642
0.135585 0.10612 0.198851 0.559444
0.226555 0.251617 0.325801 0.196027
0.366482 0.169193 0.210595 0.25373
0.128911 0.256782 0.359788 0.25452
0.146447 0.151969 0.489666 0.211918
0.145481 0.51494 0.104356 0.235223
0.166622 0.101126 0.63141 0.100842
0.502053 0.208191 0.149448 0.140308
0.106393 0.660567 0.116186 0.116854
0.15099 0.285426 0.108263 0.455321
0.617118 0.108628 0.108195 0.166059
0.305146 0.101946 0.480775 0.112133
0.640145 0.10024 0.120961 0.138654
0.225695 0.145875 0.525707 0.102723
0.66798 0.113693 0.111878 0.106449
0.103135 0.106386 0.243793 0.546686
0.102475 0.565452 0.117056 0.215018
0.114259 0.205574 0.390523 0.289645
0.205352 0.371244 0.303411 0.119993
0.14661 0.341742 0.1853 0.326348
0.415367 0.111737 0.120588 0.352308
0.115715 0.264643 0.508371 0.111271
0.154508 0.116341 0.61489 0.114261
0.211612 0.574178 0.104477 0.109733
0.355629 0.266621 0.133756 0.243994
0.252056 0.185706 0.243013 0.319226
0.16387 0.367194 0.139035 0.329902
0.10829 0.407227 0.100099 0.384384
0.296801 0.366654 0.112377 0.224168
0.38911 0.299175 0.101546 0.210169
0.206491 0.121634 0.147663 0.524213
0.118196 0.498453 0.220825 0.162526
0.116356 0.432221 0.111476 0.339946
0.520591 0.150627 0.160499 0.168283
0.108539 0.251659 0.534653 0.105149
0.511552 0.122703 0.248902 0.116844
0.100339 0.1009 0.650927 0.147834
0.420422 0.103556 0.370965 0.105057
0.159652 0.130906 0.156755 0.552688
0.137814 0.627719 0.113973 0.120494
0.126206 0.101154 0.105256 0.667385
0.1103 0.108842 0.66758 0.113278
0.364616 0.398626 0.100771 0.135988
0.689618 0.101542 0.106403 0.102436
0.165302 0.324137 0.41014 0.100421
0.190995 0.11342 0.565645 0.129939
0.113732 0.123615 0.658921 0.103732
0.291935 0.393532 0.110565 0.203967
0.243855 0.158997 0.190265 0.406883
0.586806 0.122421 0.178688 0.112085
0.101803 0.107883 0.100308 0.690006
0.228291 0.236613 0.1771 0.357996
0.107332 0.29056 0.477892 0.124217
0.117701 0.122513 0.619863 0.139922
0.152827 0.103334 0.507842 0.235997
0.504548 0.140844 0.129256 0.225352
0.62999 0.102494 0.109112 0.158404
0.514382 0.275053 0.105678 0.104886
0.203688 0.498127 0.159638 0.138548
0.152212 0.281568 0.33191 0.23431
0.529958 0.101281 0.118356 0.250405
0.132959 0.195007 0.17361 0.498424
0.144715 0.461791 0.245427 0.148067
0.104535 0.679095 0.109614 0.106756
0.186699 0.131736 0.565193 0.116373
0.126844 0.253497 0.258584 0.361075
0.158107 0.478656 0.243867 0.11937
0.134397 0.139168 0.339732 0.386703
0.192889 0.33816 0.143268 0.325684
0.351636 0.124527 0.358813 0.165025
0.10831 0.686671 0.100505 0.104515
0.180936 0.240848 0.39502 0.183196
0.219545 0.196019 0.304329 0.280107
0.506874 0.179015 0.183517 0.130593
0.102132 0.116276 0.669437 0.112155
0.122217 0.140307 0.629253 0.108223
0.513015 0.103407 0.144871 0.238707
0.141498 0.599132 0.123763 0.135607
0.10653 0.102484 0.66201 0.128977
0.216434 0.164555 0.163396 0.455615
0.319537 0.117253 0.386391 0.176819
0.188417 0.539488 0.10996 0.162136
0.531769 0.124048 0.154889 0.189295
0.449355 0.154742 0.24443 0.151474
0.195105 0.195696 0.38484 0.224359
0.201097 0.175896 0.219434 0.403573
0.26943 0.108968 0.290094 0.331508
0.248059 0.15492 0.33853 0.258492
0.104478 0.101632 0.693717 0.100172
0.156869 0.135009 0.146959 0.561162
0.165794 0.147397 0.552754 0.134055
0.132083 0.552063 0.144132 0.171722
0.183757 0.167246 0.30001 0.348987
0.307129 0.119254 0.381223 0.192395
0.101265 0.474549 0.312055 0.112131
0.11881 0.630907 0.112487 0.137796
0.156247 0.108626 0.119373 0.615754
0.162105 0.620112 0.101525 0.116258
0.101616 0.674269 0.110168 0.113947
0.134081 0.502528 0.107156 0.256235
0.100255 0.385558 0.404163 0.110024
0.105195 0.442654 0.202267 0.249884
0.244718 0.168358 0.261954 0.32497
0.160563 0.417392 0.275194 0.146851
0.608496 0.150075 0.132849 0.108579
0.15906 0.133527 0.504656 0.202757
0.659054 0.1007 0.10057 0.139676
0.155879 0.122046 0.24534 0.476735
0.271837 0.455184 0.159568 0.113411
0.146468 0.19575 0.543191 0.11459
0.692206 0.105193 0.102111 0.100491
0.291476 0.237928 0.358399 0.112197
0.100718 0.330788 0.467603 0.100891
0.125365 0.433976 0.24952 0.191139
0.288422 0.310904 0.229689 0.170985
0.439218 0.177941 0.219847 0.162994
0.122049 0.314121 0.299891 0.263938
0.100938 0.110825 0.595438 0.192799
0.123332 0.27677 0.183118 0.41678
0.392375 0.101725 0.104183 0.401716
0.228806 0.497016 0.10058 0.173597
0.110452 0.594804 0.105459 0.189285
0.134143 0.230401 0.414467 0.220989
0.333313 0.183303 0.112436 0.370949
0.140874 0.572448 0.17531 0.111368
0.105139 0.107984 0.669654 0.117223
0.296107 0.44658 0.102762 0.154551
0.324561 0.274865 0.123097 0.277477
0.118131 0.57259 0.100826 0.208454
0.459973 0.208791 0.196018 0.135218
0.120173 0.325815 0.272454 0.281558
0.469569 0.152829 0.179365 0.198237
0.369561 0.353774 0.174947 0.101719
0.261777 0.37574 0.159501 0.202982
0.191766 0.173317 0.213723 0.421194
0.505049 0.102908 0.269084 0.122959
0.15132 0.141835 0.227156 0.479689
0.127442 0.117483 0.108882 0.646193
0.525245 0.219824 0.116177 0.138754
0.375299 0.161255 0.217801 0.245646
0.387981 0.159202 0.346063 0.106755
0.193599 0.120002 0.396201 0.290198
0.228937 0.10535 0.442972 0.222741
0.22779 0.172937 0.310675 0.288599
0.551007 0.104331 0.239517 0.105145
0.100839 0.436092 0.10542 0.357649
0.120454 0.203498 0.550145 0.125903
0.108282 0.100195 0.170458 0.621065
0.122089 0.593907 0.121146 0.162858
0.144859 0.120283 0.229812 0.505046
0.512733 0.223354 0.102716 0.161196
0.106618 0.101624 0.588525 0.203233
0.641965 0.112687 0.13264 0.112709
0.105687 0.291771 0.496633 0.105909
0.13334 0.135114 0.117252 0.614294
0.116862 0.288149 0.304834 0.290156
0.182564 0.145663 0.222439 0.449335
0.111882 0.231132 0.554124 0.102862
0.302549 0.337049 0.183024 0.177378
0.679079 0.100508 0.118616 0.101796
0.11851 0.12012 0.658307 0.103063
0.109807 0.102977 0.10695 0.680265
0.259153 0.223732 0.394593 0.122522
0.287651 0.315132 0.199379 0.197838
0.37499 0.249367 0.111813 0.26383
0.110068 0.157104 0.109974 0.622854
0.160307 0.367497 0.220226 0.251969
0.222529 0.106279 0.151576 0.519616
0.120567 0.619657 0.118598 0.141177
0.124617 0.105117 0.385912 0.384354
0.123955 0.114379 0.461142 0.300523
0.311925 0.419371 0.106082 0.162623
0.131273 0.476444 0.235544 0.156739
0.113128 0.675679 0.107606 0.103587
0.100332 0.168548 0.101647 0.629473
0.103914 0.590634 0.15384 0.151613
0.666526 0.106422 0.122739 0.104313
0.136261 0.220675 0.204565 0.438499
0.116181 0.120115 0.61615 0.147554
0.104622 0.100213 0.694615 0.100551
0.119015 0.160107 0.416915 0.303964
0.128648 0.208586 0.479521 0.183246
0.259794 0.491586 0.143569 0.105051
0.106917 0.453301 0.325778 0.114005
0.109629 0.111683 0.103792 0.674896
0.273102 0.268716 0.354951 0.103232
0.688321 0.101877 0.103715 0.106088
0.491566 0.261592 0.146287 0.100555
0.286638 0.321497 0.152369 0.239496
0.485566 0.190287 0.148376 0.175772
0.580942 0.17264 0.134151 0.112267
0.188846 0.146641 0.153251 0.511262
0.214292 0.490969 0.192661 0.102078
0.685918 0.105731 0.101582 0.106769
0.113703 0.119807 0.382601 0.383889
0.137393 0.225572 0.527424 0.109611
0.407757 0.125604 0.341345 0.125294
0.104245 0.103517 0.671693 0.120545
0.104655 0.690916 0.100764 0.103664
0.442021 0.214656 0.1197 0.223624
0.110574 0.188678 0.520768 0.179979
0.109523 0.103983 0.105749 0.680745
0.566873 0.15376 0.155547 0.12382
0.125312 0.205455 0.139214 0.530019
0.516938 0.204895 0.104066 0.1741
0.224297 0.459948 0.167976 0.147778
0.274754 0.257961 0.356893 0.110391
0.10236 0.104697 0.239795 0.553149
0.195938 0.336096 0.127806 0.34016
0.361787 0.100936 0.430315 0.106962
0.101912 0.522634 0.272637 0.102817
0.124342 0.671971 0.101783 0.101904
0.191882 0.137622 0.505313 0.165182
0.219722 0.300227 0.272796 0.207255
0.109039 0.112166 0.673599 0.105196
0.280405 0.373414 0.101461 0.244719
0.320927 0.173718 0.189868 0.315487
0.413658 0.210206 0.111615 0.264521
0.125547 0.172538 0.578947 0.122967
0.316032 0.312832 0.23507 0.136066
0.305455 0.29024 0.218965 0.185339
0.11473 0.115854 0.158318 0.611099
0.234972 0.197612 0.319196 0.248221
0.365287 0.231708 0.101226 0.30178
0.103791 0.100519 0.685369 0.11032
0.483879 0.120312 0.198843 0.196966
0.214544 0.107671 0.559643 0.118142
0.155827 0.237321 0.102237 0.504615
0.137569 0.109193 0.63716 0.116078
0.577163 0.101605 0.220583 0.100649
0.103435 0.237245 0.130008 0.529312
0.529086 0.104331 0.122878 0.243705
0.243554 0.136702 0.315312 0.304431
0.163035 0.104571 0.158215 0.574179
0.298813 0.331983 0.264812 0.104393
0.311069 0.144218 0.103649 0.441064
0.137119 0.447297 0.135436 0.280148
0.155913 0.642606 0.100562 0.100919
0.438889 0.233243 0.131669 0.196199
0.100104 0.585211 0.100754 0.213931
0.148226 0.147264 0.157066 0.547443
0.365598 0.227122 0.1742 0.23308
0.170604 0.550469 0.109132 0.169795
0.328272 0.18922 0.3503 0.132207
0.406921 0.23772 0.13495 0.220409
0.15692 0.361482 0.129999 0.351599
0.116972 0.60284 0.135405 0.144783
0.188786 0.169401 0.134302 0.507511
0.138386 0.287058 0.251982 0.322575
0.10015 0.585472 0.156733 0.157645
0.59658 0.10963 0.109421 0.184369
0.307064 0.245502 0.128405 0.319029
0.229564 0.143652 0.464208 0.162576
0.278628 0.141238 0.162079 0.418056
0.10463 0.324408 0.454207 0.116754
0.141604 0.143539 0.432581 0.282275
0.334155 0.129109 0.409958 0.126778
0.599883 0.152333 0.127666 0.120117
0.403325 0.123384 0.353693 0.119598
0.105621 0.106648 0.124547 0.663184
0.386811 0.190158 0.222673 0.200358
0.100023 0.126865 0.54699 0.226122
0.130562 0.44996 0.311961 0.107517
0.339533 0.276944 0.239762 0.143761
0.101085 0.553019 0.105614 0.240282
0.576499 0.120006 0.105442 0.198054
0.103439 0.670029 0.124537 0.101995
